                                     
          0  +0                            0 00000000    0    0    0                            0 
      10000  +4                            0 00000000    0    0    0                            0 
   10050000  +4                            1 00000000    0    0    0                            0 
   10150000  +4                            2 00000000    0    0    0                            0 
   10250000  +4                            3 00000000    0    0    0                            0 
   10350000  +4                            4 00000000    0    0    0                            0 
   10450000  +4                            5 00000000    0    0    0                            0 
   10550000  +4                            6 00001111    0    0    0                            0 
   10650000  +4                            7 00110101    0    0    0                            0 
   10750000  +4                            8 01110000    0    0    0                            0 
   10850000  +4                            9 10101010    0    0    0                            0 
   10950000  +4                           10 11001000    0    0    0                            0 
   11050000  +4                           11 10110011    0    0    0                            0 
   11150000  +4                           12 01110011    0    0    0                            0 
   11250000  +4                           13 00101000    0    0    0                            0 
   11350000  +4                           14 00000000    0    0    0                            0 
   11450000  +4                           15 00000000    0    0    0                            0 
   11550000  +4                           16 00000101    0    0    0                            0 
   11650000  +4                           17 00111011    0    0    0                            0 
   11750000  +4                           18 01111011    0    0    0                            0 
   11850000  +4                           19 10101101    0    0    0                            0 
   11950000  +4                           20 11000011    0    0    0                            0 
   12050000  +4                           21 10101110    0    0    0                            0 
   12150000  +4                           22 01110100    0    0    0                            0 
   12250000  +4                           23 00101011    0    0    0                            0 
   12350000  +4                           24 00000000    0    0    0                            0 
   12450000  +4                           25 00000000    0    0    0                            0 
   12550000  +4                           26 00000000    0    0    0                            0 
   12650000  +4                           27 00000101    0    0    0                            0 
   12750000  +4                           28 00001101    0    0    0                            0 
   12850000  +4                           29 00000100    0    0    0                            0 
   12950000  +4                           30 00000000    0    0    0                            0 
   13050000  +4                           31 00000000    0    0    0                            0 
   13150000  +4                           32 00000000    0    0    0                            0 
   13250000  +4                           33 00000100    0    0    0                            0 
   13350000  +4                           34 00000011    0    0    0                            0 
   13450000  +4                           35 00000000    0    0    0                            0 
   13550000  +4                           36 00000000    0    0    0                            0 
   13650000  +4                           37 00000000    0    0    0                            0 
   13750000  +4                           38 00000010    0    0    0                            0 
   13850000  +4                           39 00000010    0    0    0                            0 
   13950000  +4                           40 00000000    0    0    0                            0 
   14050000  +4                           41 00001101    0    0    0                            0 
   14150000  +4                           42 00110100    0    0    0                            0 
   14250000  +4                           43 01110001    0    0    0                            0 
   14350000  +4                           44 10101011    0    0    0                            0 
   14450000  +4                           45 11001001    0    0    0                            0 
   14550000  +4                           46 10110010    0    0    0                            0 
   14650000  +4                           47 01110010    0    0    0                            0 
   14750000  +4                           48 00101000    0    0    0                            0 
   14850000  +4                           49 00000000    0    0    0                            0 
   14950000  +4                           50 00000000    0    0    0                            0 
   15050000  +4                           51 00000100    0    0    0                            0 
   15150000  +4                           52 00111010    0    0    0                            0 
   15250000  +4                           53 01111011    0    0    0                            0 
   15350000  +4                           54 10101110    0    0    0                            0 
   15450000  +4                           55 11000100    0    0    0                            0 
   15550000  +4                           56 10101101    0    0    0                            0 
   15650000  +4                           57 01110011    0    0    0                            0 
   15750000  +4                           58 00101011    0    0    0                            0 
   15850000  +4                           59 00000000    0    0    0                            0 
   15950000  +4                           60 00000000    0    0    0                            0 
   16050000  +4                           61 00000000    0    0    0                            0 
   16150000  +4                           62 00000101    0    0    0                            0 
   16250000  +4                           63 00001101    0    0    0                            0 
   16350000  +4                           64 00000101    0    0    0                            0 
   16450000  +4                           65 00000000    0    0    0                            0 
   16550000  +4                           66 00000000    0    0    0                            0 
   16650000  +4                           67 00000000    0    0    0                            0 
   16750000  +4                           68 00000100    0    0    0                            0 
   16850000  +4                           69 00000100    0    0    0                            0 
   16950000  +4                           70 00000000    0    0    0                            0 
   17050000  +4                           71 00000000    0    0    0                            0 
   17150000  +4                           72 00000000    0    0    0                            0 
   17230000  +1                           72 00000000    0  535    0                            0 
   17250000  +4                           73 00000010    0  535    0                            0 
   17270000  +1                           73 00000010    0  535    0                          332 
   17310000  +1                           73 00000010    0  535 1464                          332 
   17350000  +1                           73 00000010 1598  535 1464                          332 
   17350000  +4                           74 00000011 1598  535 1464                          332 
   17430000  +1                           74 00000011 1598   93 1464                          332 
   17450000  +4                           75 00000000 1598   93 1464                          332 
   17470000  +1                           75 00000000 1598   93 1464                           48 
   17510000  +1                           75 00000000 1598   93 1414                           48 
   17550000  +1                           75 00000000 1070   93 1414                           48 
   17550000  +4                           76 00000000 1070   93 1414                           48 
   17630000  +1                           76 00000000 1070   62 1414                           48 
   17650000  +4                           77 00000000 1070   62 1414                           48 
   17670000  +1                           77 00000000 1070   62 1414                           56 
   17710000  +1                           77 00000000 1070   62  672                           56 
   17750000  +1                           77 00000000  332   62  672                           56 
   17750000  +4                           78 00000001  332   62  672                           56 
   17830000  +1                           78 00000001  332   57  672                           56 
   17850000  +4                           79 00000010  332   57  672                           56 
   17870000  +1                           79 00000010  332   57  672                           46 
   17910000  +1                           79 00000010  332   57  106                           46 
   17950000  +1                           79 00000010   48   57  106                           46 
   17950000  +4                           80 00000001   48   57  106                           46 
   18030000  +1                           80 00000001   48   28  106                           46 
   18050000  +4                           81 00000000   48   28  106                           46 
   18070000  +1                           81 00000000   48   28  106                           22 
   18110000  +1                           81 00000000   48   28   52                           22 
   18150000  +1                           81 00000000   56   28   52                           22 
   18150000  +4                           82 00000000   56   28   52                           22 
   18230000  +1                           82 00000000   56   26   52                           22 
   18250000  +4                           83 00000001   56   26   52                           22 
   18270000  +1                           83 00000001   56   26   52                           24 
   18310000  +1                           83 00000001   56   26   54                           24 
   18350000  +1                           83 00000001   46   26   54                           24 
   18350000  +4                           84 00000010   46   26   54                           24 
   18430000  +1                           84 00000010   46   23   54                           24 
   18450000  +4                           85 00000001   46   23   54                           24 
   18470000  +1                           85 00000001   46   23   54                           20 
   18510000  +1                           85 00000001   46   23   26                           20 
   18550000  +1                           85 00000001   22   23   26                           20 
   18550000  +4                           86 00001110   22   23   26                           20 
   18630000  +1                           86 00001110   22   17   26                           20 
   18650000  +4                           87 00110100   22   17   26                           20 
   18670000  +1                           87 00110100   22   17   26                           18 
   18710000  +1                           87 00110100   22   17   24                           18 
   18750000  +1                           87 00110100   24   17   24                           18 
   18750000  +4                           88 01110001   24   17   24                           18 
   18830000  +1                           88 01110001   24   18   24                           18 
   18850000  +4                           89 10101011   24   18   24                           18 
   18870000  +1                           89 10101011   24   18   24                          150 
   18910000  +1                           89 10101011   24   18  156                          150 
   18950000  +1                           89 10101011   20   18  156                          150 
   18950000  +4                           90 11001001   20   18  156                          150 
   19030000  +1                           90 11001001   20   15  156                          150 
   19050000  +4                           91 10110010   20   15  156                          150 
   19070000  +1                           91 10110010   20   15  156                          708 
   19110000  +1                           91 10110010   20   15  712                          708 
   19150000  +1                           91 10110010   18   15  712                          708 
   19150000  +4                           92 01110010   18   15  712                          708 
   19230000  +1                           92 01110010   18   30  712                          708 
   19250000  +4                           93 00101000   18   30  712                          708 
   19270000  +1                           93 00101000   18   30  712                         1438 
   19310000  +1                           93 00101000   18   30 1440                         1438 
   19350000  +1                           93 00101000  150   30 1440                         1438 
   19350000  +4                           94 00000000  150   30 1440                         1438 
   19430000  +1                           94 00000000  150  260 1440                         1438 
   19450000  +4                           95 00000000  150  260 1440                         1438 
   19470000  +1                           95 00000000  150  260 1440                         1416 
   19510000  +1                           95 00000000  150  260 1416                         1416 
   19550000  +1                           95 00000000  708  260 1416                         1416 
   19550000  +4                           96 00000100  708  260 1416                         1416 
   19630000  +1                           96 00000100  708  910 1416                         1416 
   19650000  +4                           97 00111010  708  910 1416                         1416 
   19670000  +1                           97 00111010  708  910 1416                          672 
   19710000  +1                           97 00111010  708  910  672                          672 
   19750000  +1                           97 00111010 1438  910  672                          672 
   19750000  +4                           98 01111011 1438  910  672                          672 
   19830000  +1                           98 01111011 1438 1580  672                          672 
   19850000  +4                           99 10101101 1438 1580  672                          672 
   19870000  +1                           99 10101101 1438 1580  672                          344 
   19910000  +1                           99 10101101 1438 1580  212                          344 
   19950000  +1                           99 10101101 1416 1580  212                          344 
   19950000  +4                          100 11000100 1416 1580  212                          344 
   20030000  +1                          100 11000100 1416 1770  212                          344 
   20050000  +4                          101 10101101 1416 1770  212                          344 
   20070000  +1                          101 10101101 1416 1770  212                         1418 
   20110000  +1                          101 10101101 1416 1770  724                         1418 
   20150000  +1                          101 10101101  672 1770  724                         1418 
   20150000  +4                          102 01110011  672 1770  724                         1418 
   20230000  +1                          102 01110011  672 1756  724                         1418 
   20250000  +4                          103 00101011  672 1756  724                         1418 
   20270000  +1                          103 00101011  672 1756  724                         2876 
   20310000  +1                          103 00101011  672 1756 1482                         2876 
   20350000  +1                          103 00101011  344 1756 1482                         2876 
   20350000  +4                          104 00000000  344 1756 1482                         2876 
   20430000  +1                          104 00000000  344 1768 1482                         2876 
   20450000  +4                          105 00000000  344 1768 1482                         2876 
   20470000  +1                          105 00000000  344 1768 1482                         2808 
   20510000  +1                          105 00000000  344 1768 1764                         2808 
   20550000  +1                          105 00000000 1418 1768 1764                         2808 
   20550000  +4                          106 00000001 1418 1768 1764                         2808 
   20630000  +1                          106 00000001 1418 1777 1764                         2808 
   20650000  +4                          107 00111010 1418 1777 1764                         2808 
   20670000  +1                          107 00111010 1418 1777 1764                         1326 
   20750000  +1                          107 00111010 2876 1777 1764                         1326 
   20750000  +4                          108 01111101 2876 1777 1764                         1326 
   20830000  +1                          108 01111101 2876 1763 1764                         1326 
   20850000  +4                          109 10101111 2876 1763 1764                         1326 
   20870000  +1                          109 10101111 2876 1763 1764                          408 
   20910000  +1                          109 10101111 2876 1763 1758                          408 
   20950000  +1                          109 10101111 2808 1763 1758                          408 
   20950000  +4                          110 11000011 2808 1763 1758                          408 
   21030000  +1                          110 11000011 2808 1770 1758                          408 
   21050000  +4                          111 10101100 2808 1770 1758                          408 
   21070000  +1                          111 10101100 2808 1770 1758                         1434 
   21110000  +1                          111 10101100 2808 1770 1784                         1434 
   21150000  +1                          111 10101100 1326 1770 1784                         1434 
   21150000  +4                          112 01110011 1326 1770 1784                         1434 
   21230000  +1                          112 01110011 1326 1767 1784                         1434 
   21250000  +4                          113 00101011 1326 1767 1784                         1434 
   21270000  +1                          113 00101011 1326 1767 1784                         2896 
   21310000  +1                          113 00101011 1326 1767 1766                         2896 
   21350000  +1                          113 00101011  408 1767 1766                         2896 
   21350000  +4                          114 00000000  408 1767 1766                         2896 
   21430000  +1                          114 00000000  408 1766 1766                         2896 
   21450000  +4                          115 00000000  408 1766 1766                         2896 
   21470000  +1                          115 00000000  408 1766 1766                         2800 
   21510000  +1                          115 00000000  408 1766 1770                         2800 
   21550000  +1                          115 00000000 1434 1766 1770                         2800 
   21550000  +4                          116 00000000 1434 1766 1770                         2800 
   21630000  +1                          116 00000000 1434 1771 1770                         2800 
   21650000  +4                          117 00000100 1434 1771 1770                         2800 
   21670000  +1                          117 00000100 1434 1771 1770                         1322 
   21710000  +1                          117 00000100 1434 1771 1768                         1322 
   21750000  +1                          117 00000100 2896 1771 1768                         1322 
   21750000  +4                          118 00001101 2896 1771 1768                         1322 
   21830000  +1                          118 00001101 2896 1768 1768                         1322 
   21850000  +4                          119 00000110 2896 1768 1768                         1322 
   21870000  +1                          119 00000110 2896 1768 1768                          298 
   21910000  +1                          119 00000110 2896 1768 1654                          298 
   21950000  +1                          119 00000110 2800 1768 1654                          298 
   21950000  +4                          120 00000000 2800 1768 1654                          298 
   22050000  +4                          121 00000111 2800 1768 1654                          298 
   22070000  +1                          121 00000111 2800 1768 1654                          764 
   22110000  +1                          121 00000111 2800 1768 1100                          764 
   22150000  +1                          121 00000111 1322 1768 1100                          764 
   22150000  +4                          122 00110101 1322 1768 1100                          764 
   22230000  +1                          122 00110101 1322 1767 1100                          764 
   22250000  +4                          123 01110100 1322 1767 1100                          764 
   22270000  +1                          123 01110100 1322 1767 1100                         1510 
   22310000  +1                          123 01110100 1322 1767  378                         1510 
   22350000  +1                          123 01110100  298 1767  378                         1510 
   22350000  +4                          124 10101110  298 1767  378                         1510 
   22430000  +1                          124 10101110  298 1546  378                         1510 
   22450000  +4                          125 11001000  298 1546  378                         1510 
   22470000  +1                          125 11001000  298 1546  378                         1764 
   22510000  +1                          125 11001000  298 1546  732                         1764 
   22550000  +1                          125 11001000  764 1546  732                         1764 
   22550000  +4                          126 10101110  764 1546  732                         1764 
   22630000  +1                          126 10101110  764  901  732                         1764 
   22650000  +4                          127 01110001  764  901  732                         1764 
   22670000  +1                          127 01110001  764  901  732                         1760 
   22710000  +1                          127 01110001  764  901 2208                         1760 
   22750000  +1                          127 01110001 1510  901 2208                         1760 
   22750000  +4                          128 00101010 1510  901 2208                         1760 
   22830000  +1                          128 00101010 1510  314 2208                         1760 
   22850000  +4                          129 00000000 1510  314 2208                         1760 
   22870000  +1                          129 00000000 1510  314 2208                         1648 
   22910000  +1                          129 00000000 1510  314 3118                         1648 
   22950000  +1                          129 00000000 1764  314 3118                         1648 
   22950000  +4                          130 00000000 1764  314 3118                         1648 
   23030000  +1                          130 00000000 1764  572 3118                         1648 
   23050000  +4                          131 00000010 1764  572 3118                         1648 
   23070000  +1                          131 00000010 1764  572 3118                         1104 
   23110000  +1                          131 00000010 1764  572 2108                         1104 
   23150000  +1                          131 00000010 1760  572 2108                         1104 
   23150000  +4                          132 00111010 1760  572 2108                         1104 
   23230000  +1                          132 00111010 1760 1320 2108                         1104 
   23250000  +4                          133 01111100 1760 1320 2108                         1104 
   23270000  +1                          133 01111100 1760 1320 2108                          374 
   23310000  +1                          133 01111100 1760 1320  630                          374 
   23350000  +1                          133 01111100 1648 1320  630                          374 
   23350000  +4                          134 10101111 1648 1320  630                          374 
   23430000  +1                          134 10101111 1648 1741  630                          374 
   23450000  +4                          135 11000100 1648 1741  630                          374 
   23470000  +1                          135 11000100 1648 1741  630                          732 
   23510000  +1                          135 11000100 1648 1741  402                          732 
   23550000  +1                          135 11000100 1104 1741  402                          732 
   23550000  +4                          136 10111011 1104 1741  402                          732 
   23630000  +1                          136 10111011 1104 1758  402                          732 
   23650000  +4                          137 10100111 1104 1758  402                          732 
   23670000  +1                          137 10100111 1104 1758  402                         2210 
   23710000  +1                          137 10100111 1104 1758 1156                         2210 
   23750000  +1                          137 10100111  374 1758 1156                         2210 
   23750000  +4                          138 10011011  374 1758 1156                         2210 
   23830000  +1                          138 10011011  374 1753 1156                         2210 
   23850000  +4                          139 10100010  374 1753 1156                         2210 
   23870000  +1                          139 10100010  374 1753 1156                         3252 
   23910000  +1                          139 10100010  374 1753 1856                         3252 
   23950000  +1                          139 10100010  732 1753 1856                         3252 
   23950000  +4                          140 10101111  732 1753 1856                         3252 
   24030000  +1                          140 10101111  732 1775 1856                         3252 
   24050000  +4                          141 10100100  732 1775 1856                         3252 
   24070000  +1                          141 10100100  732 1775 1856                         2792 
   24110000  +1                          141 10100100  732 1775 2434                         2792 
   24150000  +1                          141 10100100 2210 1775 2434                         2792 
   24150000  +4                          142 01110111 2210 1775 2434                         2792 
   24230000  +1                          142 01110111 2210 1781 2434                         2792 
   24250000  +4                          143 00110101 2210 1781 2434                         2792 
   24270000  +1                          143 00110101 2210 1781 2434                         1960 
   24310000  +1                          143 00110101 2210 1781 3080                         1960 
   24350000  +1                          143 00110101 3252 1781 3080                         1960 
   24350000  +4                          144 00000000 3252 1781 3080                         1960 
   24430000  +1                          144 00000000 3252 2015 3080                         1960 
   24450000  +4                          145 00000000 3252 2015 3080                         1960 
   24470000  +1                          145 00000000 3252 2015 3080                         1714 
   24510000  +1                          145 00000000 3252 2015 2752                         1714 
   24550000  +1                          145 00000000 2792 2015 2752                         1714 
   24550000  +4                          146 00000000 2792 2015 2752                         1714 
   24630000  +1                          146 00000000 2792 2627 2752                         1714 
   24650000  +4                          147 00000101 2792 2627 2752                         1714 
   24670000  +1                          147 00000101 2792 2627 2752                         1782 
   24710000  +1                          147 00000101 2792 2627 1330                         1782 
   24750000  +1                          147 00000101 1960 2627 1330                         1782 
   24750000  +4                          148 00001111 1960 2627 1330                         1782 
   24830000  +1                          148 00001111 1960 3187 1330                         1782 
   24850000  +4                          149 00000111 1960 3187 1330                         1782 
   24870000  +1                          149 00000111 1960 3187 1330                         1814 
   24910000  +1                          149 00000111 1960 3187  320                         1814 
   24950000  +1                          149 00000111 1714 3187  320                         1814 
   24950000  +4                          150 00000000 1714 3187  320                         1814 
   25030000  +1                          150 00000000 1714 2931  320                         1814 
   25050000  +4                          151 00000000 1714 2931  320                         1814 
   25070000  +1                          151 00000000 1714 2931  320                         1788 
   25110000  +1                          151 00000000 1714 2931  772                         1788 
   25150000  +1                          151 00000000 1782 2931  772                         1788 
   25150000  +4                          152 00000000 1782 2931  772                         1788 
   25230000  +1                          152 00000000 1782 2177  772                         1788 
   25250000  +4                          153 00000110 1782 2177  772                         1788 
   25270000  +1                          153 00000110 1782 2177  772                         1700 
   25310000  +1                          153 00000110 1782 2177 1534                         1700 
   25350000  +1                          153 00000110 1814 2177 1534                         1700 
   25350000  +4                          154 00000110 1814 2177 1534                         1700 
   25430000  +1                          154 00000110 1814 1526 1534                         1700 
   25450000  +4                          155 00000000 1814 1526 1534                         1700 
   25470000  +1                          155 00000000 1814 1526 1534                         1372 
   25510000  +1                          155 00000000 1814 1526 1786                         1372 
   25550000  +1                          155 00000000 1788 1526 1786                         1372 
   25550000  +4                          156 00000000 1788 1526 1786                         1372 
   25630000  +1                          156 00000000 1788  901 1786                         1372 
   25650000  +4                          157 00000000 1788  901 1786                         1372 
   25670000  +1                          157 00000000 1788  901 1786                          696 
   25710000  +1                          157 00000000 1788  901 1716                          696 
   25750000  +1                          157 00000000 1700  901 1716                          696 
   25750000  +4                          158 00000011 1700  901 1716                          696 
   25830000  +1                          158 00000011 1700  279 1716                          696 
   25850000  +4                          159 00000100 1700  279 1716                          696 
   25870000  +1                          159 00000100 1700  279 1716                          140 
   25910000  +1                          159 00000100 1700  279 1574                          140 
   25950000  +1                          159 00000100 1372  279 1574                          140 
   25950000  +4                          160 00000000 1372  279 1574                          140 
   26030000  +1                          160 00000000 1372   72 1574                          140 
   26050000  +4                          161 00000000 1372   72 1574                          140 
   26070000  +1                          161 00000000 1372   72 1574                           68 
   26110000  +1                          161 00000000 1372   72 1036                           68 
   26150000  +1                          161 00000000  696   72 1036                           68 
   26150000  +4                          162 00000000  696   72 1036                           68 
   26230000  +1                          162 00000000  696   78 1036                           68 
   26250000  +4                          163 00000001  696   78 1036                           68 
   26310000  +1                          163 00000001  696   78  358                           68 
   26350000  +1                          163 00000001  140   78  358                           68 
   26350000  +4                          164 00000011  140   78  358                           68 
   26430000  +1                          164 00000011  140   56  358                           68 
   26450000  +4                          165 00000001  140   56  358                           68 
   26470000  +1                          165 00000001  140   56  358                           36 
   26510000  +1                          165 00000001  140   56   50                           36 
   26550000  +1                          165 00000001   68   56   50                           36 
   26550000  +4                          166 00000000   68   56   50                           36 
   26630000  +1                          166 00000000   68   38   50                           36 
   26650000  +4                          167 00000000   68   38   50                           36 
   26670000  +1                          167 00000000   68   38   50                           34 
   26710000  +1                          167 00000000   68   38   64                           34 
   26750000  +4                          168 00000001   68   38   64                           34 
   26850000  +4                          169 00000011   68   38   64                           34 
   26910000  +1                          169 00000011   68   38   54                           34 
   26950000  +1                          169 00000011   36   38   54                           34 
   26950000  +4                          170 00000001   36   38   54                           34 
   27030000  +1                          170 00000001   36   25   54                           34 
   27050000  +4                          171 00000000   36   25   54                           34 
   27070000  +1                          171 00000000   36   25   54                           24 
   27110000  +1                          171 00000000   36   25   34                           24 
   27150000  +1                          171 00000000   34   25   34                           24 
   27150000  +4                          172 00000000   34   25   34                           24 
   27230000  +1                          172 00000000   34   24   34                           24 
   27250000  +4                          173 00000001   34   24   34                           24 
   27350000  +4                          174 00000010   34   24   34                           24 
   27430000  +1                          174 00000010   34   22   34                           24 
   27450000  +4                          175 00000000   34   22   34                           24 
   27470000  +1                          175 00000000   34   22   34                           20 
   27510000  +1                          175 00000000   34   22   28                           20 
   27550000  +1                          175 00000000   24   22   28                           20 
   27550000  +4                          176 00000000   24   22   28                           20 
   27630000  +1                          176 00000000   24   19   28                           20 
   27650000  +4                          177 00000000   24   19   28                           20 
   27670000  +1                          177 00000000   24   19   28                           16 
   27710000  +1                          177 00000000   24   19   20                           16 
   27750000  +4                          178 00000001   24   19   20                           16 
   27830000  +1                          178 00000001   24   20   20                           16 
   27850000  +4                          179 00000010   24   20   20                           16 
   27950000  +1                          179 00000010   20   20   20                           16 
   27950000  +4                          180 00000000   20   20   20                           16 
   28030000  +1                          180 00000000   20   19   20                           16 
   28050000  +4                          181 00000000   20   19   20                           16 
   28110000  +1                          181 00000000   20   19   14                           16 
   28150000  +1                          181 00000000   16   19   14                           16 
   28150000  +4                          182 00000000   16   19   14                           16 
   28230000  +1                          182 00000000   16   16   14                           16 
   28250000  +4                          183 00000000   16   16   14                           16 
   28310000  +1                          183 00000000   16   16   16                           16 
   28350000  +4                          184 00000001   16   16   16                           16 
   28450000  +4                          185 00000000   16   16   16                           16 
   28470000  +1                          185 00000000   16   16   16                           14 
   28510000  +1                          185 00000000   16   16   14                           14 
   28550000  +4                          186 00000000   16   16   14                           14 
   28630000  +1                          186 00000000   16   13   14                           14 
   28650000  +4                          187 00000000   16   13   14                           14 
   28670000  +1                          187 00000000   16   13   14                            8 
   28710000  +1                          187 00000000   16   13   12                            8 
   28750000  +4                          188 00000000   16   13   12                            8 
   28830000  +1                          188 00000000   16   12   12                            8 
   28850000  +4                          189 00000001   16   12   12                            8 
   28950000  +1                          189 00000001   14   12   12                            8 
   28950000  +4                          190 00000000   14   12   12                            8 
   29030000  +1                          190 00000000   14    9   12                            8 
   29050000  +4                          191 00000000   14    9   12                            8 
   29110000  +1                          191 00000000   14    9   10                            8 
   29150000  +1                          191 00000000    8    9   10                            8 
   29150000  +4                          192 00000000    8    9   10                            8 
   29230000  +1                          192 00000000    8    8   10                            8 
   29250000  +4                          193 00000000    8    8   10                            8 
   29310000  +1                          193 00000000    8    8    8                            8 
   29350000  +4                          194 00000001    8    8    8                            8 
   29430000  +1                          194 00000001    8    7    8                            8 
   29450000  +4                          194 00000000    8    7    8                            8 
   29470000  +1                          194 00000000    8    7    8                            6 
   29630000  +1                          194 00000000    8    4    8                            6 
   29670000  +1                          194 00000000    8    4    8                            4 
   29950000  +1                          194 00000000    6    4    8                            4 
