 0  +0                            0 00000000       0       0       0                   0 
      10000  +4                            0 00000000       0       0       0                   0 
   10050000  +4                            1 00000000       0       0       0                   0 
   10150000  +4                            2 00000000       0       0       0                   0 
   10250000  +4                            3 00000000       0       0       0                   0 
   10350000  +4                            4 00000000       0       0       0                   0 
   10450000  +4                            5 00000000       0       0       0                   0 
   10550000  +4                            6 00001111       0       0       0                   0 
   10650000  +4                            7 00110101       0       0       0                   0 
   10750000  +4                            8 01110000       0       0       0                   0 
   10850000  +4                            9 10101010       0       0       0                   0 
   10950000  +4                           10 11001000       0       0       0                   0 
   11050000  +4                           11 10110011       0       0       0                   0 
   11150000  +4                           12 01110011       0       0       0                   0 
   11250000  +4                           13 00101000       0       0       0                   0 
   11350000  +4                           14 00000000       0       0       0                   0 
   11450000  +4                           15 00000000       0       0       0                   0 
   11550000  +4                           16 00000101       0       0       0                   0 
   11650000  +4                           17 00111011       0       0       0                   0 
   11750000  +4                           18 01111011       0       0       0                   0 
   11850000  +4                           19 10101101       0       0       0                   0 
   11950000  +4                           20 11000011       0       0       0                   0 
   12050000  +4                           21 10101110       0       0       0                   0 
   12150000  +4                           22 01110100       0       0       0                   0 
   12250000  +4                           23 00101011       0       0       0                   0 
   12350000  +4                           24 00000000       0       0       0                   0 
   12450000  +4                           25 00000000       0       0       0                   0 
   12550000  +4                           26 00000000       0       0       0                   0 
   12650000  +4                           27 00000101       0       0       0                   0 
   12750000  +4                           28 00001101       0       0       0                   0 
   12850000  +4                           29 00000100       0       0       0                   0 
   12950000  +4                           30 00000000       0       0       0                   0 
   13050000  +4                           31 00000000       0       0       0                   0 
   13150000  +4                           32 00000000       0       0       0                   0 
   13250000  +4                           33 00000100       0       0       0                   0 
   13350000  +4                           34 00000011       0       0       0                   0 
   13450000  +4                           35 00000000       0       0       0                   0 
   13550000  +4                           36 00000000       0       0       0                   0 
   13650000  +4                           37 00000000       0       0       0                   0 
   13750000  +4                           38 00000010       0       0       0                   0 
   13850000  +4                           39 00000010       0       0       0                   0 
   13950000  +4                           40 00000000       0       0       0                   0 
   14050000  +4                           41 00001101       0       0       0                   0 
   14150000  +4                           42 00110100       0       0       0                   0 
   14250000  +4                           43 01110001       0       0       0                   0 
   14350000  +4                           44 10101011       0       0       0                   0 
   14450000  +4                           45 11001001       0       0       0                   0 
   14550000  +4                           46 10110010       0       0       0                   0 
   14650000  +4                           47 01110010       0       0       0                   0 
   14750000  +4                           48 00101000       0       0       0                   0 
   14850000  +4                           49 00000000       0       0       0                   0 
   14950000  +4                           50 00000000       0       0       0                   0 
   15050000  +4                           51 00000100       0       0       0                   0 
   15150000  +4                           52 00111010       0       0       0                   0 
   15250000  +4                           53 01111011       0       0       0                   0 
   15350000  +4                           54 10101110       0       0       0                   0 
   15450000  +4                           55 11000100       0       0       0                   0 
   15550000  +4                           56 10101101       0       0       0                   0 
   15650000  +4                           57 01110011       0       0       0                   0 
   15750000  +4                           58 00101011       0       0       0                   0 
   15850000  +4                           59 00000000       0       0       0                   0 
   15950000  +4                           60 00000000       0       0       0                   0 
   16050000  +4                           61 00000000       0       0       0                   0 
   16150000  +4                           62 00000101       0       0       0                   0 
   16250000  +4                           63 00001101       0       0       0                   0 
   16350000  +4                           64 00000101       0       0       0                   0 
   16450000  +4                           65 00000000       0       0       0                   0 
   16550000  +4                           66 00000000       0       0       0                   0 
   16650000  +4                           67 00000000       0       0       0                   0 
   16750000  +4                           68 00000100       0       0       0                   0 
   16850000  +4                           69 00000100       0       0       0                   0 
   16950000  +4                           70 00000000       0       0       0                   0 
   17050000  +4                           71 00000000       0       0       0                   0 
   17150000  +4                           72 00000000       0       0       0                   0 
   17250000  +4                           73 00000010       0       0       0                   0 
   17350000  +4                           74 00000011       0       0       0                   0 
   17450000  +4                           75 00000000       0       0       0                   0 
   17550000  +4                           76 00000000       0       0       0                   0 
   17650000  +4                           77 00000000       0       0       0                   0 
   17750000  +4                           78 00000001       0       0       0                   0 
   17850000  +4                           79 00000010       0       0       0                   0 
   17950000  +4                           80 00000001       0       0       0                   0 
   18050000  +4                           81 00000000       0       0       0                   0 
   18150000  +4                           82 00000000       0       0       0                   0 
   18250000  +4                           83 00000001       0       0       0                   0 
   18350000  +4                           84 00000010       0       0       0                   0 
   18450000  +4                           85 00000001       0       0       0                   0 
   18550000  +4                           86 00001110       0       0       0                   0 
   18650000  +4                           87 00110100       0       0       0                   0 
   18750000  +4                           88 01110001       0       0       0                   0 
   18850000  +4                           89 10101011       0       0       0                   0 
   18950000  +4                           90 11001001       0       0       0                   0 
   19050000  +4                           91 10110010       0       0       0                   0 
   19150000  +4                           92 01110010       0       0       0                   0 
   19250000  +4                           93 00101000       0       0       0                   0 
   19350000  +4                           94 00000000       0       0       0                   0 
   19450000  +4                           95 00000000       0       0       0                   0 
   19550000  +4                           96 00000000       0       0       0                   0 
   19650000  +4                           97 00000101       0       0       0                   0 
   19750000  +4                           98 00001011       0       0       0                   0 
   19850000  +4                           99 00000100       0       0       0                   0 
   19950000  +4                          100 00000000       0       0       0                   0 
   20050000  +4                          101 00001001       0       0       0                   0 
   20150000  +4                          102 00110101       0       0       0                   0 
   20250000  +4                          103 01110011       0       0       0                   0 
   20350000  +4                          104 10101101       0       0       0                   0 
   20450000  +4                          105 11001000       0       0       0                   0 
   20550000  +4                          106 10111110       0       0       0                   0 
   20650000  +4                          107 10100111       0       0       0                   0 
   20710000  +1                          107 10100111       0       0    1446                   0 
   20730000  +1                          107 10100111       0     183    1446                   0 
   20750000  +1                          107 10100111       0     183    1446                 885 
   20750000  +4                          108 10011010       0     183    1446                 885 
   20770000  +1                          108 10011010     744     183    1446                 885 
   20830000  +1                          108 10011010     744     183    1622                 885 
   20850000  +1                          108 10011010     744     122    1622                 885 
   20850000  +4                          109 10100000     744     122    1622                 885 
   20870000  +1                          109 10100000     744     122    1622                 890 
   20890000  +1                          109 10100000     885     122    1622                 890 
   20950000  +1                          109 10100000     885     122    1588                 890 
   20950000  +4                          110 10101111     885     122    1588                 890 
   20970000  +1                          110 10101111     885     197    1588                 890 
   20990000  +1                          110 10101111     885     197    1588                 891 
   21010000  +1                          110 10101111     883     197    1588                 891 
   21050000  +4                          111 10100111     883     197    1588                 891 
   21070000  +1                          111 10100111     883     197    1404                 891 
   21090000  +1                          111 10100111     883     570    1404                 891 
   21110000  +1                          111 10100111     883     570    1404                 866 
   21130000  +1                          111 10100111     882     570    1404                 866 
   21150000  +4                          112 01111000     882     570    1404                 866 
   21190000  +1                          112 01111000     882     570     977                 866 
   21210000  +1                          112 01111000     882     760     977                 866 
   21230000  +1                          112 01111000     882     760     977                 852 
   21250000  +1                          112 01111000     885     760     977                 852 
   21250000  +4                          113 00110011     885     760     977                 852 
   21310000  +1                          113 00110011     885     760     821                 852 
   21330000  +1                          113 00110011     885     922     821                 852 
   21350000  +1                          113 00110011     885     922     821                 853 
   21350000  +4                          114 00000000     885     922     821                 853 
   21370000  +1                          114 00000000     890     922     821                 853 
   21430000  +1                          114 00000000     890     922     689                 853 
   21450000  +1                          114 00000000     890    1065     689                 853 
   21450000  +4                          115 00000000     890    1065     689                 853 
   21470000  +1                          115 00000000     890    1065     689                 854 
   21490000  +1                          115 00000000     891    1065     689                 854 
   21550000  +1                          115 00000000     891    1065     533                 854 
   21550000  +4                          116 00000000     891    1065     533                 854 
   21570000  +1                          116 00000000     891    1221     533                 854 
   21590000  +1                          116 00000000     891    1221     533                 888 
   21610000  +1                          116 00000000     866    1221     533                 888 
   21650000  +4                          117 00111011     866    1221     533                 888 
   21670000  +1                          117 00111011     866    1221     358                 888 
   21690000  +1                          117 00111011     866    1554     358                 888 
   21710000  +1                          117 00111011     866    1554     358                 902 
   21730000  +1                          117 00111011     852    1554     358                 902 
   21750000  +4                          118 01111110     852    1554     358                 902 
   21790000  +1                          118 01111110     852    1554     187                 902 
   21810000  +1                          118 01111110     852    1621     187                 902 
   21830000  +1                          118 01111110     852    1621     187                 955 
   21850000  +1                          118 01111110     853    1621     187                 955 
   21850000  +4                          119 10110000     853    1621     187                 955 
   21910000  +1                          119 10110000     853    1621     366                 955 
   21930000  +1                          119 10110000     853    1557     366                 955 
   21950000  +1                          119 10110000     853    1557     366                1069 
   21950000  +4                          120 11000011     853    1557     366                1069 
   21970000  +1                          120 11000011     854    1557     366                1069 
   22030000  +1                          120 11000011     854    1557     711                1069 
   22050000  +1                          120 11000011     854    1384     711                1069 
   22050000  +4                          121 10101001     854    1384     711                1069 
   22070000  +1                          121 10101001     854    1384     711                1232 
   22090000  +1                          121 10101001     888    1384     711                1232 
   22150000  +1                          121 10101001     888    1384    1106                1232 
   22150000  +4                          122 01110010     888    1384    1106                1232 
   22170000  +1                          122 01110010     888    1184    1106                1232 
   22190000  +1                          122 01110010     888    1184    1106                1548 
   22210000  +1                          122 01110010     902    1184    1106                1548 
   22250000  +4                          123 00101101     902    1184    1106                1548 
   22270000  +1                          123 00101101     902    1184    1456                1548 
   22290000  +1                          123 00101101     902     886    1456                1548 
   22310000  +1                          123 00101101     902     886    1456                1556 
   22330000  +1                          123 00101101     955     886    1456                1556 
   22350000  +4                          124 00000000     955     886    1456                1556 
   22390000  +1                          124 00000000     955     886    1583                1556 
   22410000  +1                          124 00000000     955     858    1583                1556 
   22430000  +1                          124 00000000     955     858    1583                1372 
   22450000  +1                          124 00000000    1069     858    1583                1372 
   22450000  +4                          125 00000000    1069     858    1583                1372 
   22510000  +1                          125 00000000    1069     858    1394                1372 
   22530000  +1                          125 00000000    1069     874    1394                1372 
   22550000  +1                          125 00000000    1069     874    1394                1036 
   22550000  +4                          126 00000000    1069     874    1394                1036 
   22570000  +1                          126 00000000    1232     874    1394                1036 
   22630000  +1                          126 00000000    1232     874    1174                1036 
   22650000  +1                          126 00000000    1232     894    1174                1036 
   22650000  +4                          127 00000100    1232     894    1174                1036 
   22670000  +1                          127 00000100    1232     894    1174                 666 
   22690000  +1                          127 00000100    1548     894    1174                 666 
   22750000  +1                          127 00000100    1548     894     982                 666 
   22750000  +4                          128 00001110    1548     894     982                 666 
   22770000  +1                          128 00001110    1548     896     982                 666 
   22790000  +1                          128 00001110    1548     896     982                 159 
   22810000  +1                          128 00001110    1556     896     982                 159 
   22850000  +4                          129 00000110    1556     896     982                 159 
   22870000  +1                          129 00000110    1556     896     825                 159 
   22890000  +1                          129 00000110    1556     884     825                 159 
   22910000  +1                          129 00000110    1556     884     825                 203 
   22930000  +1                          129 00000110    1372     884     825                 203 
   22950000  +4                          130 00000000    1372     884     825                 203 
   22990000  +1                          130 00000000    1372     884     537                 203 
   23030000  +1                          130 00000000    1372     884     537                 385 
   23050000  +1                          130 00000000    1036     884     537                 385 
   23050000  +4                          131 00000111    1036     884     537                 385 
   23110000  +1                          131 00000111    1036     884     362                 385 
   23150000  +1                          131 00000111    1036     884     362                 580 
   23150000  +4                          132 00110100    1036     884     362                 580 
   23170000  +1                          132 00110100     666     884     362                 580 
   23230000  +1                          132 00110100     666     884     202                 580 
   23250000  +4                          133 01110100     666     884     202                 580 
   23270000  +1                          133 01110100     666     884     202                 756 
   23290000  +1                          133 01110100     159     884     202                 756 
   23350000  +1                          133 01110100     159     884     189                 756 
   23350000  +4                          134 10101111     159     884     189                 756 
   23370000  +1                          134 10101111     159     829     189                 756 
   23390000  +1                          134 10101111     159     829     189                 880 
   23410000  +1                          134 10101111     203     829     189                 880 
   23450000  +4                          135 11001000     203     829     189                 880 
   23470000  +1                          135 11001000     203     829     366                 880 
   23490000  +1                          135 11001000     203     547     366                 880 
   23510000  +1                          135 11001000     203     547     366                 873 
   23530000  +1                          135 11001000     385     547     366                 873 
   23550000  +4                          136 10111101     385     547     366                 873 
   23590000  +1                          136 10111101     385     547    1106                 873 
   23610000  +1                          136 10111101     385     352    1106                 873 
   23630000  +1                          136 10111101     385     352    1106                 878 
   23650000  +1                          136 10111101     580     352    1106                 878 
   23650000  +4                          137 10100110     580     352    1106                 878 
   23710000  +1                          137 10100110     580     352    1457                 878 
   23730000  +1                          137 10100110     580     190    1457                 878 
   23750000  +1                          137 10100110     580     190    1457                 891 
   23750000  +4                          138 10011011     580     190    1457                 891 
   23770000  +1                          138 10011011     756     190    1457                 891 
   23830000  +1                          138 10011011     756     190    1626                 891 
   23850000  +1                          138 10011011     756     128    1626                 891 
   23850000  +4                          139 10100010     756     128    1626                 891 
   23870000  +1                          139 10100010     756     128    1626                 895 
   23890000  +1                          139 10100010     880     128    1626                 895 
   23950000  +1                          139 10100010     880     128    1584                 895 
   23950000  +4                          140 10101111     880     128    1584                 895 
   23970000  +1                          140 10101111     880     199    1584                 895 
   23990000  +1                          140 10101111     880     199    1584                 896 
   24010000  +1                          140 10101111     873     199    1584                 896 
   24050000  +4                          141 10100110     873     199    1584                 896 
   24070000  +1                          141 10100110     873     199    1395                 896 
   24090000  +1                          141 10100110     873     574    1395                 896 
   24110000  +1                          141 10100110     873     574    1395                 871 
   24130000  +1                          141 10100110     878     574    1395                 871 
   24150000  +4                          142 01110111     878     574    1395                 871 
   24190000  +1                          142 01110111     878     574     983                 871 
   24210000  +1                          142 01110111     878     763     983                 871 
   24230000  +1                          142 01110111     878     763     983                 855 
   24250000  +1                          142 01110111     891     763     983                 855 
   24250000  +4                          143 00110100     891     763     983                 855 
   24310000  +1                          143 00110100     891     763     826                 855 
   24330000  +1                          143 00110100     891     925     826                 855 
   24350000  +1                          143 00110100     891     925     826                 856 
   24350000  +4                          144 00000000     891     925     826                 856 
   24370000  +1                          144 00000000     895     925     826                 856 
   24430000  +1                          144 00000000     895     925     692                 856 
   24450000  +1                          144 00000000     895    1066     692                 856 
   24450000  +4                          145 00000000     895    1066     692                 856 
   24470000  +1                          145 00000000     895    1066     692                 855 
   24490000  +1                          145 00000000     896    1066     692                 855 
   24550000  +1                          145 00000000     896    1066     536                 855 
   24550000  +4                          146 00000000     896    1066     536                 855 
   24570000  +1                          146 00000000     896    1222     536                 855 
   24590000  +1                          146 00000000     896    1222     536                 887 
   24610000  +1                          146 00000000     871    1222     536                 887 
   24650000  +4                          147 00000101     871    1222     536                 887 
   24670000  +1                          147 00000101     871    1222     361                 887 
   24690000  +1                          147 00000101     871    1556     361                 887 
   24710000  +1                          147 00000101     871    1556     361                 903 
   24730000  +1                          147 00000101     855    1556     361                 903 
   24750000  +4                          148 00001111     855    1556     361                 903 
   24790000  +1                          148 00001111     855    1556     136                 903 
   24810000  +1                          148 00001111     855    1623     136                 903 
   24850000  +1                          148 00001111     856    1623     136                 903 
   24850000  +4                          149 00000111     856    1623     136                 903 
   24910000  +1                          149 00000111     856    1623     201                 903 
   24930000  +1                          149 00000111     856    1559     201                 903 
   24950000  +1                          149 00000111     856    1559     201                 905 
   24950000  +4                          150 00000000     856    1559     201                 905 
   24970000  +1                          150 00000000     855    1559     201                 905 
   25030000  +1                          150 00000000     855    1559     377                 905 
   25050000  +1                          150 00000000     855    1384     377                 905 
   25050000  +4                          151 00000000     855    1384     377                 905 
   25070000  +1                          151 00000000     855    1384     377                 899 
   25090000  +1                          151 00000000     887    1384     377                 899 
   25150000  +1                          151 00000000     887    1384     577                 899 
   25150000  +4                          152 00000000     887    1384     577                 899 
   25170000  +1                          152 00000000     887    1184     577                 899 
   25190000  +1                          152 00000000     887    1184     577                 851 
   25210000  +1                          152 00000000     903    1184     577                 851 
   25250000  +4                          153 00000110     903    1184     577                 851 
   25270000  +1                          153 00000110     903    1184     759                 851 
   25290000  +1                          153 00000110     903     834     759                 851 
   25310000  +1                          153 00000110     903     834     759                 799 
   25350000  +4                          154 00000101     903     834     759                 799 
   25390000  +1                          154 00000101     903     834     898                 799 
   25410000  +1                          154 00000101     903     694     898                 799 
   25430000  +1                          154 00000101     903     694     898                 687 
   25450000  +1                          154 00000101     905     694     898                 687 
   25450000  +4                          155 00000000     905     694     898                 687 
   25510000  +1                          155 00000000     905     694     883                 687 
   25530000  +1                          155 00000000     905     539     883                 687 
   25550000  +1                          155 00000000     905     539     883                 523 
   25550000  +4                          156 00000000     905     539     883                 523 
   25570000  +1                          156 00000000     899     539     883                 523 
   25630000  +1                          156 00000000     899     539     858                 523 
   25650000  +1                          156 00000000     899     364     858                 523 
   25650000  +4                          157 00000000     899     364     858                 523 
   25670000  +1                          157 00000000     899     364     858                 348 
   25690000  +1                          157 00000000     851     364     858                 348 
   25750000  +1                          157 00000000     851     364     835                 348 
   25750000  +4                          158 00000011     851     364     835                 348 
   25770000  +1                          158 00000011     851     198     835                 348 
   25790000  +1                          158 00000011     851     198     835                  68 
   25810000  +1                          158 00000011     799     198     835                  68 
   25850000  +4                          159 00000100     799     198     835                  68 
   25870000  +1                          159 00000100     799     198     788                  68 
   25890000  +1                          159 00000100     799      33     788                  68 
   25910000  +1                          159 00000100     799      33     788                  28 
   25930000  +1                          159 00000100     687      33     788                  28 
   25950000  +4                          160 00000000     687      33     788                  28 
   25990000  +1                          160 00000000     687      33     519                  28 
   26010000  +1                          160 00000000     687      38     519                  28 
   26030000  +1                          160 00000000     687      38     519                  34 
   26050000  +1                          160 00000000     523      38     519                  34 
   26050000  +4                          161 00000000     523      38     519                  34 
   26110000  +1                          161 00000000     523      38     344                  34 
   26150000  +4                          162 00000000     523      38     344                  34 
   26170000  +1                          162 00000000     348      38     344                  34 
   26230000  +1                          162 00000000     348      38     178                  34 
   26250000  +4                          163 00000001     348      38     178                  34 
   26290000  +1                          163 00000001      68      38     178                  34 
   26350000  +1                          163 00000001      68      38      64                  34 
   26350000  +4                          164 00000011      68      38      64                  34 
   26370000  +1                          164 00000011      68      33      64                  34 
   26390000  +1                          164 00000011      68      33      64                  18 
   26410000  +1                          164 00000011      28      33      64                  18 
   26450000  +4                          165 00000001      28      33      64                  18 
   26470000  +1                          165 00000001      28      33      25                  18 
   26490000  +1                          165 00000001      28      18      25                  18 
   26510000  +1                          165 00000001      28      18      25                  15 
   26530000  +1                          165 00000001      34      18      25                  15 
   26550000  +4                          166 00000000      34      18      25                  15 
   26590000  +1                          166 00000000      34      18      32                  15 
   26630000  +1                          166 00000000      34      18      32                  16 
   26650000  +4                          167 00000000      34      18      32                  16 
   26750000  +4                          168 00000001      34      18      32                  16 
   26830000  +1                          168 00000001      34      18      27                  16 
   26850000  +4                          169 00000011      34      18      27                  16 
   26890000  +1                          169 00000011      18      18      27                  16 
   26950000  +1                          169 00000011      18      18      18                  16 
   26950000  +4                          170 00000001      18      18      18                  16 
   26970000  +1                          170 00000001      18      13      18                  16 
   26990000  +1                          170 00000001      18      13      18                  12 
   27010000  +1                          170 00000001      15      13      18                  12 
   27050000  +4                          171 00000000      15      13      18                  12 
   27070000  +1                          171 00000000      15      13      16                  12 
   27090000  +1                          171 00000000      15      12      16                  12 
   27130000  +1                          171 00000000      16      12      16                  12 
   27150000  +4                          172 00000000      16      12      16                  12 
   27250000  +4                          173 00000001      16      12      16                  12 
   27350000  +4                          174 00000010      16      12      16                  12 
   27430000  +1                          174 00000010      16      12      13                  12 
   27450000  +1                          174 00000010      16      10      13                  12 
   27450000  +4                          175 00000000      16      10      13                  12 
   27470000  +1                          175 00000000      16      10      13                  10 
   27490000  +1                          175 00000000      12      10      13                  10 
   27550000  +1                          175 00000000      12      10      11                  10 
   27550000  +4                          176 00000000      12      10      11                  10 
   27570000  +1                          176 00000000      12       9      11                  10 
   27590000  +1                          176 00000000      12       9      11                   8 
   27650000  +4                          177 00000000      12       9      11                   8 
   27670000  +1                          177 00000000      12       9      10                   8 
   27690000  +1                          177 00000000      12      10      10                   8 
   27750000  +4                          178 00000001      12      10      10                   8 
   27850000  +4                          179 00000010      12      10      10                   8 
   27910000  +1                          179 00000010      12      10       8                   8 
   27950000  +4                          180 00000000      12      10       8                   8 
   27970000  +1                          180 00000000      10      10       8                   8 
   28030000  +1                          180 00000000      10      10       7                   8 
   28050000  +1                          180 00000000      10       9       7                   8 
   28050000  +4                          181 00000000      10       9       7                   8 
   28090000  +1                          181 00000000       8       9       7                   8 
   28150000  +1                          181 00000000       8       9       8                   8 
   28150000  +4                          182 00000000       8       9       8                   8 
   28170000  +1                          182 00000000       8       8       8                   8 
   28250000  +4                          183 00000001       8       8       8                   8 
   28350000  +4                          184 00000001       8       8       8                   8 
   28450000  +4                          185 00000000       8       8       8                   8 
   28510000  +1                          185 00000000       8       8       7                   8 
   28530000  +1                          185 00000000       8       7       7                   8 
   28550000  +1                          185 00000000       8       7       7                   6 
   28550000  +4                          186 00000000       8       7       7                   6 
   28650000  +1                          186 00000000       8       6       7                   6 
   28650000  +4                          187 00000000       8       6       7                   6 
   28670000  +1                          187 00000000       8       6       7                   5 
   28750000  +4                          188 00000000       8       6       7                   5 
   28850000  +4                          189 00000001       8       6       7                   5 
   28910000  +1                          189 00000001       8       6       7                   4 
   28950000  +4                          190 00000000       8       6       7                   4 
   28990000  +1                          190 00000000       8       6       5                   4 
   29010000  +1                          190 00000000       8       5       5                   4 
   29050000  +1                          190 00000000       6       5       5                   4 
   29050000  +4                          191 00000000       6       5       5                   4 
   29110000  +1                          191 00000000       6       5       4                   4 
   29150000  +4                          192 00000000       6       5       4                   4 
   29170000  +1                          192 00000000       5       5       4                   4 
   29250000  +4                          193 00000000       5       5       4                   4 
   29350000  +4                          194 00000001       5       5       4                   4 
   29410000  +1                          194 00000001       4       5       4                   4 
   29450000  +4                          194 00000000       4       5       4                   4 
   29490000  +1                          194 00000000       4       3       4                   4 
   29510000  +1                          194 00000000       4       3       4                   3 
   29970000  +1                          194 00000000       4       2       4                   3 
   29990000  +1                          194 00000000       4       2       4                   1 
   30010000  +1                          194 00000000       3       2       4                   1 
   30070000  +1                          194 00000000       3       2       2                   1 
   30430000  +1                          194 00000000       3       2       1                   1 
   30490000  +1                          194 00000000       1       2       1                   1 
   30570000  +1                          194 00000000       1       1       1                   1 
