35
69
103
137
171
170
170
170
170
170
238
58
389
464
283
540
753
456
415
374
372
458
284
622
704
747
657
575
749
411
335
427
508
334
672
533
983
679
631
548
555
632
714
540
946
804
1099
1133
1167
1127
1043
1266
968
927
924
1010
827
1166
1248
1458
1091
1264
925
848
940
793
1095
1137
1179
1087
1223
922
920
920
1010
912
1254
1257
1256
1211
1094
1264
789
1087
1128
1217
1041
1485
1145
1064
1230
894
922
1004
829
1136
1215
1225
1146
1064
1268
896
806
835
876
916
1194
1247
1246
1246
1168
1264
914
916
916
953
856
1245
1323
1362
1509
1128
1047
1223
886
914
997
822
1197
1062
1370
1331
1503
1091
1185
798
786
830
946
812
1189
1201
1158
1064
1240
903
891
976
815
1151
1232
1495
1222
1179
1137
1095
1095
1072
1073
1073
1074
1075
1114
1111
1151
1191
1188
1112
1074
1250
912
874
909
950
992
1073
1060
1062
1090
1130
1171
1226
1265
1238
1158
1076
1274
935
920
960
1001
1018
804
1072
1076
1076
1076
1244
947
950
910
913
990
816
1154
1237
1274
1202
1118
1238
941
785
1167
1345
1346
1500
1118
1251
940
939
1003
790
1087
1099
1104
1075
1074
1074
1074
1069
1205
907
866
870
946
814
1113
1154
1150
1169
909
909
909
794
1217
1234
1234
1234
1132
1262
990
1071
1176
1260
1275
1197
1115
1261
922
868
938
1020
846
1143
1224
1195
1112
1245
868
816
860
901
942
846
1233
1226
1226
1226
1079
1171
924
923
923
1193
1226
1229
1228
1161
1257
925
919
921
949
845
1222
1269
1052
1349
1535
1155
1085
1260
922
911
996
808
1146
1228
1277
1188
1082
1258
920
837
928
1112
1194
1277
1227
1149
1110
1201
952
1067
1186
1055
1390
1396
1394
1533
1152
1217
879
914
958
999
1067
1260
1005
787
1262
966
948
906
866
936
1016
842
1224
1050
1531
1236
1195
1110
1107
1179
1217
1257
1042
1478
1107
1072
1246
810
1149
1102
1062
1278
904
821
867
907
947
1201
902
862
822
891
1014
809
1105
1145
1076
1250
990
1074
1183
1264
1267
1181
1100
1244
951
951
820
1198
1062
1312
1305
1409
1246
829
794
1009
566
944
810
1103
1181
1196
1155
1114
1114
1044
1244
955
915
874
909
993
810
1188
1056
1357
1311
1494
1071
1162
785
818
944
811
1182
1153
1111
1202
865
893
975
800
1138
1219
1234
1192
1195
1156
1115
1101
1109
1065
1098
1139
1180
1213
1494
1196
1123
1211
889
893
893
926
797
1115
1069
1243
904
848
894
934
975
1016
800
1268
1012
1012
799
1059
1102
1064
1278
939
930
931
790
1171
1319
1316
1430
1265
846
887
795
1214
1062
1311
1503
1125
1258
904
911
939
987
1069
1279
1022
1015
800
1098
1183
1186
1152
1162
809
977
885
1047
1324
1323
1410
1247
829
895
1016
881
1195
1196
1110
1066
1270
1021
806
1245
947
899
900
979
847
1226
1059
1313
1490
1067
1160
819
989
895
1059
1309
1303
1386
1224
803
1023
724
558
934
802
1095
1175
1168
1129
1087
1088
1272
978
939
899
858
895
978
827
1205
1072
1372
1328
1481
1062
1155
845
968
834
1205
1154
1089
1254
917
836
886
965
800
1096
1136
1088
1264
958
996
1123
1207
1257
1219
1177
1136
1118
1117
1171
1211
1253
1231
1150
1056
1231
892
873
914
929
972
1014
1276
790
1044
1043
1043
1052
1266
1013
973
932
923
1002
1160
1374
1377
1377
1517
1138
1270
945
862
897
938
980
1008
794
1270
1013
1011
986
988
1244
948
932
889
847
917
998
824
1206
1516
1220
1179
1094
1091
1162
1201
1242
1463
1093
1057
1272
975
795
1133
1086
1045
1260
886
803
849
929
1011
875
1175
1131
1270
891
1012
541
914
1160
1172
1173
1106
1066
1055
1053
1081
1250
921
926
935
810
1189
1056
1306
1377
1214
794
1015
758
635
796
1217
1300
1467
1053
1144
1022
720
723
581
961
828
1140
1223
1164
1080
1254
944
817
796
838
878
928
844
1200
1201
1202
1191
1272
880
871
869
871
1004
908
1216
1259
1042
1506
1133
1081
1253
917
879
952
1002
830
1168
1250
1191
1107
1271
932
850
870
953
788
1127
1210
1229
1148
1099
1274
934
878
951
999
824
1164
1246
1215
1176
1096
1053
1268
786
1079
1080
1080
1048
1050
1050
1046
1046
1045
1080
1119
1161
1212
1255
1208
1129
1046
1252
914
919
995
822
1127
1208
1248
1180
1097
1272
895
811
839
880
921
1001
787
1270
1017
1017
1017
1013
789
1041
1041
1041
1089
1129
1172
1214
1255
1207
1128
1044
1256
958
1006
866
1204
1209
1208
1164
1271
893
847
807
1022
578
917
931
973
1014
985
987
1016
972
932
924
879
847
937
1017
842
1182
1257
1163
1083
1258
917
871
963
826
1204
1460
1045
1137
1014
710
715
573
953
821
1132
1215
1156
1072
1246
938
811
791
835
874
922
838
1192
1230
1274
1052
1429
1079
1262
921
836
886
964
1124
1208
1203
1126
1265
925
841
802
876
994
1077
1120
1275
893
886
885
883
985
896
1198
1239
1515
1174
1169
1131
1088
1073
1082
1048
1077
1119
1161
1194
1237
1208
1125
1042
1183
845
833
874
917
991
989
958
921
878
838
913
994
1073
1114
1213
965
1002
786
1158
1243
1236
1160
1079
1221
912
916
1152
1276
1073
1326
1440
1275
856
1018
723
529
868
949
999
786
1274
977
937
897
810
1015
718
676
635
683
760
587
925
1008
1002
928
846
1021
682
644
714
541
879
962
787
1241
901
820
993
656
676
719
759
545
841
818
991
694
653
640
641
640
640
640
639
639
639
639
639
640
640
640
640
640
639
639
640
640
640
641
641
640
640
640
640
640
641
641
641
641
641
641
641
642
684
725
765
550
846
802
1017
721
680
640
728
554
891
973
798
1220
883
802
976
639
687
728
810
850
805
1020
723
682
642
644
644
645
645
645
687
755
580
919
1000
997
969
887
805
979
839
1003
911
1075
1322
1393
1230
811
994
559
896
977
972
971
894
812
988
694
654
649
649
648
647
673
714
756
541
839
853
811
983
685
672
756
584
962
829
1180
1145
1104
1248
870
1004
741
740
554
892
973
979
979
911
873
832
825
825
855
807
1023
726
685
645
735
560
899
981
807
1270
936
854
986
893
1018
884
1192
1190
1114
1203
936
937
986
1068
1070
1110
1183
1178
1153
1159
786
811
940
806
1186
1181
1145
1273
935
852
855
930
802
1139
1222
1262
1228
1185
1147
1105
1064
1072
1072
1069
1069
1067
1056
1100
1103
1144
1187
1201
1112
1070
1244
904
848
896
934
973
1017
803
1268
1014
1015
1012
1012
802
1057
1271
1015
1016
1013
1016
801
1278
981
943
900
861
921
1004
828
1127
1207
1189
1146
1105
1103
1063
1084
1085
1087
1085
1082
1056
1054
1051
1053
1056
1055
1271
1018
1017
973
971
1012
968
927
930
854
813
855
895
1204
1216
1215
1215
