255
104
208
56
327
351
443
105
113
112
217
65
426
441
286
541
541
540
629
558
733
396
315
489
116
281
700
607
1175
1007
589
681
291
311
577
845
1348
1345
1101
855
698
328
353
617
886
1065
1329
1748
1334
1425
1094
1115
856
939
1020
811
1313
1587
1585
1586
1570
1494
937
939
937
875
1211
1335
1671
1755
1717
1713
1338
1435
1270
900
820
1184
1088
1508
1416
1580
1678
1435
1271
851
857
1010
996
1159
1322
1659
1769
1349
1440
1277
858
976
884
1048
1465
1372
1589
1763
1343
1516
1178
1221
1224
1050
1308
1308
1513
1255
1256
1269
1267
1265
1185
1185
1190
1276
1103
1519
1344
1597
1680
1516
1098
1189
853
1023
930
1089
1509
1398
1766
1348
1444
1197
834
914
992
901
1243
1190
1187
1190
1190
1201
1255
1257
1257
1258
1264
1095
1511
1335
1672
1670
1753
1512
1180
1098
1098
1092
1336
1578
1579
1563
1769
1189
863
953
580
998
987
810
1149
1096
1091
1180
1109
1257
924
843
978
888
1052
1709
1605
1693
1531
1213
808
1061
1303
1936
1596
1528
945
618
586
587
827
1073
1401
1305
1727
1314
1405
1074
1095
1017
578
917
997
1633
1713
1864
1613
1476
1056
1147
919
835
1224
1132
1297
1600
1679
1468
1044
1136
943
897
1254
1080
1418
1502
1262
906
906
904
815
1134
1317
1654
1737
1739
1581
1740
1401
1317
1490
1260
1258
1067
1406
1488
1624
1559
1654
1491
1278
852
835
915
994
871
1148
1085
1246
910
827
890
796
1211
1372
1309
1402
1065
1156
1234
1127
1624
1701
1375
1279
958
969
1209
1456
1811
1741
1156
979
639
732
632
798
1152
1220
1217
1142
1059
1232
891
977
636
554
729
473
390
552
972
878
1216
1133
968
551
660
332
745
654
816
1237
1139
1241
821
916
752
507
324
663
743
569
822
1004
665
583
757
416
412
413
413
412
414
415
415
415
418
418
418
418
418
416
415
415
416
417
420
423
423
423
424
423
421
422
422
422
422
425
425
426
427
428
504
331
668
748
573
1016
678
598
693
316
737
643
806
1224
1151
1240
821
913
750
489
318
656
740
565
819
990
651
569
743
425
427
429
429
431
509
336
752
661
824
1092
1090
1192
863
661
746
543
1129
1455
2024
1436
1110
942
609
729
640
802
1137
1133
1263
842
936
535
711
427
427
427
429
431
597
678
759
583
1021
681
600
695
330
752
743
988
1232
1450
1364
1389
1144
899
600
603
752
659
822
1116
1114
1221
878
797
835
950
614
534
709
680
587
1005
912
1190
1275
856
949
614
598
602
844
1089
1439
1519
1341
1435
1271
1001
1000
918
1257
1083
1528
1267
1179
1253
1079
1482
1504
1502
1533
1043
940
688
658
904
1147
1507
1417
1444
1120
1021
688
921
1080
1499
1406
1565
1740
1419
1337
1510
1092
1349
1332
1333
1333
1500
1062
1331
1413
1495
1320
1688
1336
1429
1265
846
909
993
878
1213
1484
1231
1170
1174
1174
1246
1241
1220
1223
1222
1221
1239
1260
1168
1089
1263
907
825
921
823
1243
1081
1501
1486
1409
1327
1316
1490
1241
1246
1244
1242
1046
1298
1490
1238
1166
1165
1164
1143
1146
1217
1136
1055
1250
820
916
730
554
891
895
1215
1309
1568
1569
1646
1406
1055
1133
1214
1128
1644
1737
1318
1410
1240
823
971
877
1388
1739
1403
1322
1312
1405
1135
1057
1230
894
790
1143
1045
1467
1372
1558
1653
1416
1252
833
819
978
958
1372
1386
1399
1157
915
913
912
966
1782
1531
1532
1302
1315
1076
1150
1230
1205
1372
1615
1721
1302
1330
1161
829
968
876
1383
1688
1521
1104
1269
1018
717
550
884
969
798
1511
1499
1502
1499
1409
1140
883
879
880
885
1205
1630
1711
1618
1641
1297
1389
1225
890
1125
1110
1357
1603
1824
1995
1699
1370
1044
918
668
625
871
1115
1491
1398
1440
1271
853
1000
650
866
1451
1359
1716
1455
1374
1367
1364
1474
1043
1381
1469
1628
1748
1328
1417
1256
838
890
972
883
1222
1046
1505
1243
1158
1231
1059
1452
1617
1735
1313
1408
1065
1158
958
786
1122
1127
1208
1149
1145
1147
1148
1155
1220
1143
1060
1234
890
809
956
861
1534
1444
1634
1731
1309
1314
1222
1268
1259
1503
1785
1713
1735
1487
1242
960
963
858
1194
1275
1216
1212
1141
1145
1145
1210
1134
1048
1226
888
807
953
862
1192
1277
1102
1467
1226
899
893
893
1099
1507
1519
1519
1451
1473
1056
1114
1197
1278
1254
1416
1557
1646
1485
1251
834
869
1199
1102
1526
1309
1648
1487
1071
1073
884
717
539
877
878
1199
1531
1535
1533
1357
1299
1139
879
880
