146
2608
2851
2957
2794
2442
2476
2122
2205
2286
2252
2325
2882
2878
2878
2994
2661
2539
2290
2289
2098
2439
2636
2968
3050
2874
3123
2936
2789
2371
2463
2461
2354
2596
2841
3165
3095
3199
2878
2807
2294
1854
2093
2339
2581
3057
2716
2788
2369
2464
2247
2159
2343
2762
2667
2960
2874
2850
3029
2691
2662
2677
2621
2616
2617
2619
2605
2685
2690
2772
2596
2864
2961
2618
2712
2550
2201
2279
2106
2436
2519
2344
2577
2667
2744
2932
3015
2920
3021
2600
2748
2332
2344
2417
2501
2527
2349
2600
2590
2586
2586
2765
2512
2524
2445
2363
2359
2531
2260
2167
2332
2750
2652
3006
2839
2931
2769
2441
2359
2339
2582
3149
3154
3173
2930
2685
2362
2355
2508
2337
2675
2669
2659
2590
2586
2585
2587
2598
2774
2363
2541
2203
2188
2096
2332
2662
2745
2762
2772
2533
2294
2292
2293
2095
2671
2907
2912
2913
2937
2698
2460
2535
2361
2592
3013
3002
2853
2946
2718
2552
2218
2103
2524
2430
2774
2684
2913
2751
2406
2411
2114
2203
2285
2114
2454
2651
2902
2903
2901
3070
2550
2286
2285
2287
2292
2352
2958
2962
2962
3045
2734
2556
2296
2296
2125
2427
2687
3027
2851
3189
3248
2999
2605
2700
2536
2485
2364
2781
2688
2981
3071
2601
2691
2528
2164
2528
2439
2602
3020
2952
3051
2708
2800
2382
2368
2525
2356
2604
2847
3279
3283
3282
3283
3040
2795
2400
2495
2075
2410
2491
2547
2371
2792
2534
2533
2479
2475
2746
2408
2381
2559
2222
2109
2530
2437
2676
2836
3287
2947
2865
2964
2713
2603
2940
3022
2846
3184
2951
2619
2792
2456
2374
2791
2705
2626
2799
2546
2126
2212
2292
2118
2543
2551
2387
2559
2221
2140
2283
2270
2362
2699
2778
2635
2727
2512
2339
2677
2649
3066
3025
2860
2954
2719
2388
2431
2428
2669
2913
3163
3113
3286
2712
2388
2228
1892
2126
2369
2705
2609
2852
3035
2698
2695
2799
2467
2389
2483
2093
2512
2465
2711
2954
3250
3168
3219
2889
2366
2118
2241
2233
2476
2668
2956
2779
2359
2452
2291
2190
2365
2785
2691
2932
2858
2846
3019
2682
2690
2694
2624
2703
2783
2605
2988
2896
3099
3274
2939
2989
2661
2552
2295
2293
2162
2409
2773
2698
2618
2739
2456
2276
2101
2439
2532
2358
2794
2539
2540
2354
2609
2687
2601
2775
2368
2366
2365
2364
2606
2849
3133
3133
3304
2727
2404
2295
2037
2039
2098
2678
2867
3129
3212
2977
2734
2547
2284
2113
2453
2533
2358
2796
2542
2336
2676
2757
2659
2910
3040
2789
2546
2303
2184
2265
2333
2913
3152
3101
3280
2702
2376
2301
2039
2279
2522
2591
2854
2945
2607
2781
2530
2534
2356
2795
2458
2377
2344
2347
2552
2541
2785
2903
3151
3203
2878
2810
2100
2112
2239
2627
2896
3142
3091
3297
2719
2394
2235
1865
2105
2348
2683
2588
2863
3040
2703
2701
2803
2449
2361
2536
2199
2066
2486
2485
2727
2970
3267
3186
3188
2870
2799
2088
2085
2257
2238
2482
2674
2869
2960
2788
2371
2463
2267
2171
2654
2736
2674
2769
2441
2526
2351
2754
2653
2981
2897
3071
2733
2745
2767
2618
2957
3040
2946
3046
2603
2695
2531
2288
2107
2387
2465
2548
2542
2533
2336
2596
2594
2595
2581
2750
2490
2408
2326
2336
2503
2333
2583
3235
3232
3231
3230
2986
2766
2373
2467
2386
2468
2527
2351
2770
2512
2512
2454
2450
2538
2465
2383
2360
2539
2202
2089
2511
2415
2654
3070
3008
2923
2843
2942
2693
2583
2920
3001
3160
2926
2593
2766
2430
2350
2768
2682
2605
2778
2522
2102
2189
2090
2510
2505
2594
3021
2786
2541
2297
2022
1849
2084
2330
2849
2846
2999
2661
2579
2643
2642
2666
2584
2760
2352
2358
2410
2396
2638
2882
3132
3289
2710
2386
2274
2087
2668
3094
3206
2878
2810
2219
1949
1944
2186
2429
2986
3066
2651
2745
2350
2364
2120
2194
2276
2155
2476
2629
2900
2899
2846
3052
2559
2274
2277
2277
2247
2935
3013
2840
3289
3044
2685
2778
2358
2518
2173
2524
2431
2594
3010
2837
2935
2776
2355
2451
2286
2185
2345
2766
2669
2918
3026
2695
2790
2373
2551
2172
2505
2410
2993
2938
2855
3005
2668
2585
2643
2640
2664
2664
2665
2599
2601
2654
2655
2655
2655
2657
2603
2670
2751
2910
2993
2923
3018
2600
2783
2367
2355
2508
2414
2743
2647
2996
2859
2952
2792
2348
2443
2243
2068
2404
2511
2335
2790
2537
2536
2332
2591
2657
2654
2655
2603
2668
2747
2579
2915
2996
2930
3026
2601
2774
2436
2503
2481
2648
2910
2910
2841
3052
2546
2203
2121
2297
1926
2091
2407
2491
2765
2510
2533
2450
2371
2358
2531
2248
2153
2729
2642
3007
2863
2959
2797
2372
2544
2174
2417
2661
3089
3201
2873
2804
2300
1957
1941
1936
2181
2425
2984
2918
2755
2360
2372
2112
2189
2270
2150
2473
2642
2983
3064
2834
3121
2948
2795
2376
2471
2276
2183
2334
2753
2658
2933
3024
2796
2381
2474
2120
2288
2260
2331
2670
2750
2768
2527
2289
2284
2285
2266
2330
2905
2992
3255
2840
2854
3029
2692
2681
2692
2603
2672
2755
2580
2904
2986
2867
2957
2796
2409
2189
2274
2098
2501
2491
2370
2539
2202
2121
2301
2256
2355
2692
2773
2593
2691
2419
2499
2325
2582
3002
3017
2856
2949
2699
2349
2338
2329
3115
3111
3306
2727
2404
2280
1946
1845
2261
2166
2460
2537
2462
2382
2557
2273
2127
2292
1953
1872
2047
1602
2019
1926
2087
2505
2520
2359
2452
2290
1872
2034
1688
1853
2272
2178
2341
2697
2535
2117
2212
1867
1948
2030
1854
2193
2118
2293
1955
1875
2040
1783
1784
1783
1784
1784
1783
1781
1782
1782
1782
1783
1783
1783
1783
1784
1785
1787
1787
1787
1785
1785
1783
1785
1785
1787
1789
2047
2047
1790
1788
1790
1586
1927
2008
1835
2171
2201
2117
2291
1953
1873
1843
2007
1913
2076
2494
2349
2710
2549
2131
2225
1874
1956
2038
1864
2202
2135
2230
1892
1812
1854
1938
1833
2250
2156
2524
2519
2448
2546
2128
2272
1846
2253
2637
2910
3173
3103
3316
2735
2410
2236
1862
2281
2188
2457
2459
2411
2249
1899
1818
1878
1957
2037
1862
2197
2209
2133
2227
1892
1880
2032
1940
2177
2419
2592
3048
2709
2736
2492
2246
1966
1969
1861
2282
2189
2466
2464
2491
2153
2138
2140
2214
2134
2229
1890
1957
1863
2283
2189
2353
2795
2378
2470
2221
2032
2019
2263
2505
2602
2869
2962
2801
2384
2368
2371
2477
2557
2383
2804
2373
2710
2608
2865
3068
2587
2342
2073
2127
2108
2351
2597
2866
3045
2807
2391
2483
2211
2116
2356
2771
2679
3030
2948
2865
3036
2698
2617
2642
2644
2649
2649
2649
2622
2700
2694
2772
2598
2881
2983
2652
2748
2330
2479
2296
2121
2469
2552
2379
2811
2554
2555
2374
2626
2815
2814
2370
2792
2456
2375
2554
2217
2122
2538
2444
2775
2676
2851
3027
2690
2697
2620
2697
2702
2701
2700
2708
2637
2632
2633
2635
2626
2625
2811
2556
2553
2486
2491
2729
2394
2380
2464
2148
2227
2378
2696
2932
2935
2932
2943
2701
2462
2537
2364
2605
3028
3015
2864
2954
2718
2550
2218
2105
2527
2435
2783
2691
2882
3054
2716
2704
2791
2523
2441
2361
2542
2208
2551
2460
2622
3035
2851
2949
2768
2347
2441
2285
2185
2367
2708
2789
2694
2717
2538
2277
2277
2108
2414
2675
2936
2935
2934
2963
2717
2514
2340
2678
2652
3068
3015
2854
2947
2712
2553
2270
2170
2331
2749
2636
2998
2861
2956
2795
2396
2409
2127
2209
2288
2179
2501
2688
2939
2942
2875
3065
2546
2303
2300
2301
2087
2668
2992
3155
3275
3033
2707
2803
2385
2359
2514
2331
3064
2996
3196
3115
3001
2419
2275
2265
2509
2613
3038
2658
2495
2141
2543
2446
2608
3024
2930
2851
3035
2699
2619
2711
2714
2704
2703
2702
2613
2683
2691
2770
2596
2933
3053
2707
2803
2385
2478
2276
2105
2466
2547
2374
2804
2373
2708
2599
2933
2961
3056
2641
2735
2324
2472
2296
2118
2456
2530
2355
2787
2528
2528
2450
2447
2528
2456
2374
2371
2548
2209
2096
2517
2423
2609
3028
2909
2997
2579
2648
2433
2429
2671
2862
3120
3248
2997
2755
2362
2453
2534
2361
2794
2535
2528
2528
2526
2349
2789
2373
2549
2214
2133
2276
2263
2343
2677
2757
2811
2538
2283
2283
2233
2925
2927
2927
3053
2804
2445
2517
2341
2736
2650
3010
2876
2970
2808
2384
2478
2275
2183
2345
2685
2591
2873
2960
2797
2456
2468
2285
1868
2204
2284
2072
2653
2891
2895
2895
2933
2611
2547
2283
2284
2165
2481
2631
2901
2899
2843
3057
2534
2282
2280
2242
2930
3008
2833
3287
3035
2678
2770
2352
2509
2174
2524
2432
2594
3012
2833
2932
2762
2343
2437
2278
2176
2345
2764
2670
2915
3022
2680
2776
2357
2535
2158
2502
2480
2725
2968
3247
3244
3293
3048
2804
2447
2539
2072
2410
2492
2507
2335
2799
2540
2540
2541
2532
2328
2778
2442
2361
2544
2209
2270
2176
2338
2578
2998
3018
2936
2854
2951
2686
2750
2908
2990
2865
2958
2617
2790
2451
2739
2743
2667
2587
2633
2467
2207
2283
2107
2498
2518
2446
2355
2533
2196
2258
2164
2638
2720
2658
2751
2432
2522
2346
2748
2651
2970
3049
2633
2726
2385
2335
2808
2795
2878
3138
3164
2843
2775
2099
2268
1819
2554
2467
2620
2984
2910
3006
2647
2735
2473
2390
2328
2501
2331
2581
3224
3127
3304
2965
2642
2350
2083
2081
2081
2322
2835
3014
2760
2340
2434
2159
2729
2635
2997
2924
2844
3029
2692
2610
2684
2682
2706
2790
2617
2878
3047
2852
3276
2939
2858
3030
2550
2771
2681
2604
2780
2526
2105
2193
2269
2093
2517
2346
2774
2518
2520
2522
2532
2352
2789
2450
2367
2523
2511
2755
2897
3144
3191
2866
2797
2075
2205
2269
2337
2884
3131
3097
2855
2612
2362
2358
2515
2337
2674
2591
2591
2771
2345
2682
2584
2846
2844
2848
2605
2361
2071
2072
2142
2464
2788
2903
3159
3172
2852
2783
2078
2074
2234
2217
2461
2649
2910
2836
2999
2664
2583
2659
2657
2635
2805
2469
2415
2413
2654
2896
3143
3299
2956
2636
2092
2181
2500
3162
3166
3161
2845
2776
2101
2272
1854
2085
2330
2755
2649
2983
2912
3003
2644
2733
2419
2338
2513
2275
2191
2325
3065
2953
3111
3239
2914
2592
2558
1810
2112
2101
2344
2587
3008
2764
2347
2443
2199
2095
2338
2675
2754
2749
2596
2689
2499
2327
2664
2593
3010
2942
2858
3033
2669
2671
2896
2977
3007
2843
2872
2713
2551
2183
2265
2089
2426
2505
2330
2761
2506
2507
2508
2509
2332
2762
2510
2430
2349
2525
2160
2494
2474
2718
2960
3230
3229
3276
3031
2788
2437
2526
2399
2480
2495
2324
2787
2526
2525
2525
2525
2322
2322
2529
2438
2359
2535
2201
2264
2091
2428
2341
2680
2619
2794
2458
2548
2286
2097
2436
2518
2344
2729
2404
2241
1901
2029
1936
2099
2518
2524
2393
2483
2146
2277
2239
2340
2678
2761
2633
2648
2550
2215
2135
2188
2095
2370
2370
2371
2413
2239
1903
1822
1822
1822
1824
1823
1901
1982
1893
2473
2480
2478
2400
2237
2030
1858
2199
2521
2591
3217
3215
3211
2893
2376
2297
1878
2290
2196
2559
2559
2475
2413
2250
1913
1830
1827
1825
1825
