8124
113
295
732
658
1013
859
1215
1059
1415
1515
1437
1619
2238
2164
2338
2512
2174
2093
2267
2159
2240
2402
2470
2389
2481
2144
2142
2224
2387
2468
2394
2487
2150
2090
2173
2255
2417
2498
2415
2508
2170
2089
2173
2254
2416
2497
2417
2510
2173
2091
2139
2221
2302
2127
2464
2469
2468
2468
2468
2468
2461
2462
2461
2460
2460
2409
2500
2162
2254
1999
1999
1999
1999
1999
2159
2241
2405
2404
2404
2404
2404
2404
2466
2464
2464
2463
2463
2463
2383
2557
2219
2137
2140
2221
2303
2129
2467
2486
2485
2484
2484
2483
2395
2399
2398
2398
2398
2397
2389
2390
2389
2389
2388
2484
2147
2241
1992
1989
1990
1990
1990
2303
2303
2046
2045
1871
2208
2289
2113
2450
2402
2491
2153
2245
2149
2231
2395
2494
2157
2250
2132
2214
2295
2120
2458
2462
2462
2462
2462
2462
2450
2451
2450
2450
2450
2473
2471
2471
2472
2472
2383
2559
2221
2139
2231
1980
1979
1979
1979
1979
1966
1968
1968
1967
1967
2136
2217
2298
2123
2410
2409
2409
2408
2408
2408
2414
2412
2411
2411
2410
2504
2166
2084
2258
2036
1862
2199
2281
2106
2443
2359
2533
2195
2113
2288
2030
2031
2032
2033
2034
2251
1998
1999
2000
2001
2002
1826
2163
2245
2408
2505
2168
2086
2260
2130
2211
2292
2118
2455
2456
2456
2456
2457
2456
2445
2445
2444
2444
2444
2469
2467
2468
2469
2469
2382
2559
2221
2139
2232
2141
2222
2303
2128
2556
2218
2136
2227
1976
1974
1974
1974
1974
2030
2035
2034
2034
2034
2034
2027
2028
2027
2027
2027
1853
2190
2272
2097
2434
2388
2479
2141
2235
2143
2225
2388
2481
2143
2235
2047
1872
2209
2291
2115
2452
2453
2452
2452
2452
2452
2452
2452
2451
2451
2451
2450
2450
2451
2451
2452
2388
2479
2141
2233
1975
1975
1975
1975
1975
1982
1982
1982
1982
1982
1957
1959
1959
1959
1959
2016
1844
2182
2264
2089
2427
2423
2423
2423
2423
2423
2433
2433
2433
2433
2433
2376
2548
2210
2128
2303
1965
1966
1966
1965
1965
1965
2044
1868
2206
2287
2112
2366
2366
2365
2365
2365
2427
2425
2425
2425
2424
2423
2343
2518
2179
2098
2273
2019
2019
2019
2019
2019
2020
2023
2022
2022
2022
2022
2018
2018
2019
2019
2019
1849
2186
2269
2093
2430
2448
2446
2447
2447
2447
2361
2365
2364
2363
2362
2361
2352
2353
2352
2353
2353
2532
2194
2112
2286
1948
2025
1849
2187
2269
2094
2375
2551
2212
2130
2222
1961
1961
1960
1960
1960
1969
1967
1967
1967
1968
1953
1956
1956
1956
1957
1958
2039
1865
2203
2285
2110
2541
2204
2122
2296
1958
2027
1852
2190
2272
2097
2377
2552
2214
2132
2225
2131
2213
2295
2121
2558
2220
2138
2230
2013
1839
2176
2258
2083
2420
2337
2511
2173
2091
2264
1833
2170
2252
2415
2433
2432
2433
2433
2434
2348
2352
2352
2352
2351
2352
2523
2186
2104
2278
1940
1933
1934
1933
1932
1931
2018
1841
2179
2260
2086
2373
2369
2369
2369
2370
2370
2551
2213
2131
2223
1972
1971
1971
1971
1972
2022
1851
2188
2269
2094
2431
2433
2431
2431
2431
2431
2421
2423
2422
2422
2421
2348
2521
2183
2101
2275
1938
2020
1847
2185
2267
2093
2522
2184
2102
2276
1938
1929
1930
1930
1930
1930
2016
2011
2012
2012
2012
2012
1843
2180
2263
2089
2426
2433
2432
2432
2432
2432
2418
2421
2420
2420
2420
2364
2537
2200
2117
2291
1954
1948
1949
1949
1949
1949
1959
1957
1957
1957
1957
1942
1944
1943
1943
1943
1943
2023
1849
2187
2269
2095
2526
2189
2107
2280
1942
2009
1834
2172
2254
2360
2535
2197
2114
2287
1949
2028
1854
2191
2273
2098
2536
2198
2116
2290
1953
1991
2154
2236
2399
2400
2400
2401
2402
2402
2394
2394
2393
2393
2393
2504
2167
2086
2261
2008
2006
2005
2004
2003
2003
2010
2009
2010
2009
2009
1828
2166
2247
2408
2405
2406
2406
2406
2406
2356
2350
2351
2350
2351
2350
2360
2359
2359
2360
2361
2531
2195
2114
2289
1952
1921
1924
1924
1925
1925
1926
1921
1923
1924
1925
1925
1934
1933
1933
1933
1933
2006
1833
2171
2253
2364
2539
2200
2118
2292
1954
2032
1857
2195
2276
2101
2542
2203
2121
2294
1957
1927
1928
1928
1928
1928
1928
1846
2022
1684
1603
1778
1520
1520
1520
1521
1521
1521
1521
1521
1521
1521
1521
1521
1520
1520
1520
1520
1520
1520
1521
1522
1523
1523
1523
1523
1524
1525
1526
1527
1528
1529
1530
1530
1530
1531
1531
1531
1531
1531
1531
1532
1531
1531
1530
1530
1530
1529
1528
1529
1530
1529
1529
1529
1529
1529
1530
1529
1530
1529
1530
1530
1530
1530
1531
1531
1531
1531
1531
1531
1362
1699
1780
1606
1944
1944
1946
1946
1946
1947
1947
2026
1852
2191
2273
2098
2526
2189
2108
2282
1944
1945
1943
1943
1943
1943
1943
1864
2038
1700
1618
1790
1535
1535
1615
1696
1778
1604
1942
1958
1958
1958
1958
1958
1958
2041
1867
2205
2287
2112
2540
2203
2121
2294
1956
1940
1940
1939
1939
1938
1938
1855
2029
1691
1609
1784
1533
1533
1533
1534
1534
1534
1534
1535
1535
1639
1721
1885
1967
1963
1964
1964
1964
1964
1964
1964
1964
1964
1964
2035
2030
2030
2030
2030
2030
2037
2037
2031
2025
2020
2015
2154
2230
2548
2287
2281
2275
2268
2262
2337
2338
2338
2339
2339
2540
2203
2122
2297
1959
1878
1877
1877
1878
1879
1879
1876
1876
1876
1876
1876
1932
2013
1838
2176
2258
2083
2337
2337
2342
2341
2340
2340
2340
2507
2170
2088
2262
1924
1928
2010
1836
2174
2256
2081
2512
2175
2094
2268
1930
1937
1936
1936
1937
1938
1923
1926
1925
1924
1924
1870
1864
1865
1865
1866
1866
1951
2032
1858
2195
2276
2200
2118
2293
1956
1874
1928
2010
1834
2171
2251
2533
2195
2113
2288
1950
1869
1947
2029
1855
2192
2272
2201
2120
2295
1958
1877
1848
1849
1850
1850
1850
1850
1851
1852
1852
1852
1852
1847
1846
1846
1846
1846
1935
2016
1841
2178
2260
2255
2174
2092
2267
1930
1849
1928
2010
1835
2172
2254
2172
2091
2265
1928
3894
1917
1998
2160
2241
2500
2165
2084
2259
1921
1840
1845
1845
1845
1845
1845
1833
1835
1835
1835
1835
1852
1849
1849
1849
1850
1850
1933
2014
1839
2176
2258
2262
2261
2260
2260
2260
2242
2243
2243
2243
2243
2243
2159
2252
1915
1833
1830
1830
1831
1831
1831
1920
2001
1826
2163
2244
2254
2253
2252
2253
2253
2484
2148
2244
1907
1897
1900
1901
1902
1903
1929
1926
1928
1928
1928
1929
1935
1934
1934
1934
1935
2014
1840
2178
2259
2083
2341
2343
2342
2343
2344
2547
2288
2288
2287
2286
2285
2287
2285
2284
2283
2283
2204
2122
2296
1958
1876
1912
1994
2158
2239
2494
2157
2251
1914
1911
1911
1912
1912
1912
1932
1931
1931
1931
1932
1847
1850
1850
1850
1851
1851
1929
2011
1836
2173
2255
2177
2095
2269
1931
3897
1919
2000
1825
2162
2242
2301
2221
2139
2233
1895
1974
2137
2218
2299
2226
2144
2238
1901
1930
2011
1837
2174
2256
2081
2510
2173
2092
2267
1930
2013
1838
2175
2256
2081
2533
2273
2274
2274
2274
2274
2198
2116
2291
1954
1873
1873
1873
1874
1874
1874
1928
2010
1835
2173
2254
2510
2173
2091
2265
1928
1931
1931
1930
1930
1931
1931
2012
1837
2175
2256
2081
2339
2339
2339
2340
2340
2520
2182
2100
2273
1936
1855
1932
2013
1838
2175
2256
2184
2102
2277
1940
1859
1842
1843
1844
1845
1845
1898
1901
1901
1901
1902
1902
1980
2144
2226
2492
2155
2247
1911
1908
1908
1909
1908
1907
1926
1926
1926
1926
1926
1858
1860
1860
1860
1860
1860
1938
2019
1844
2182
2264
2186
2104
2278
1941
1860
1912
1993
2155
2236
2294
2214
2133
2227
3938
1970
2134
2216
2297
2224
2143
2236
1899
1929
2010
1836
2173
2254
2342
2341
2342
2342
2342
2510
2175
2093
2268
1931
1904
1905
1905
1905
1905
1905
1898
1898
1898
1898
1898
1978
2140
2221
2302
2502
2165
2084
2258
1921
1839
1837
1837
1837
1838
1838
1835
1836
1836
1836
1836
1846
1845
1845
1846
1846
1911
1994
2156
2237
2490
